#Fri Feb 07 18:58:41 CET 2025
effectsVolume=0.5138888888888888
musicVolume=0.3888888888888889
